n | oczekiwany | przykladowy
1 |	 1.0000000000000002 |	 1
2 |	 1.2732395447351628 |	 1
3 |	 1.9098593171027443 |	 1
4 |	 3.242277876554809 |	 2
5 |	 6.079271018540266 |	 1
6 |	 12.384589222348605 |	 33
7 |	 27.091288923887568 |	 37
8 |	 63.07419497278057 |	 53
9 |	 155.22165169082717 |	 36
10 |	 401.54279645840006 |	 301
11 |	 1086.9888982252787 |	 51
12 |	 3067.5610041262644 |	 13178
13 |	 8995.982124405442 |	 5685
14 |	 27340.179834387447 |	 84653
15 |	 85905.30138392736 |	 151835
